year	admin2_km2	admin4_km2
-5790	95903	0
-5780	95903	0
-5770	95903	0
-5760	95903	0
-5750	95903	0
-5740	95903	0
-5730	95903	0
-5720	95903	0
-5710	95903	0
-5700	95903	0
-5690	95903	0
-5680	95903	0
-5670	95903	0
-5660	95903	0
-5650	95903	0
-5640	95903	0
-5630	95903	0
-5620	95903	0
-5610	95903	0
-5600	95903	0
-5590	95903	0
-5580	95903	0
-5570	95903	0
-5560	95903	0
-5550	95903	0
-5540	95903	0
-5530	95903	0
-5520	95903	0
-5510	95903	0
-5500	95903	0
-5490	95903	0
-5480	95903	0
-5470	95903	0
-5460	95903	0
-5450	95903	0
-5440	95903	0
-5430	95903	0
-5420	95903	0
-5410	95903	0
-5400	95903	0
-5390	95903	0
-5380	95903	0
-5370	95903	0
-5360	95903	0
-5350	95903	0
-5340	95903	0
-5330	95903	0
-5320	95903	0
-5310	95903	0
-5300	95903	0
-5290	95903	0
-5280	95903	0
-5270	95903	0
-5260	95903	0
-5250	95903	0
-5240	95903	0
-5230	95903	0
-5220	95903	0
-5210	95903	0
-5200	95903	0
-5190	95903	0
-5180	95903	0
-5170	95903	0
-5160	95903	0
-5150	95903	0
-5140	95903	0
-5130	95903	0
-5120	95903	0
-5110	95903	0
-5100	95903	0
-5090	95903	0
-5080	95903	0
-5070	95903	0
-5060	95903	0
-5050	95903	0
-5040	95903	0
-5030	95903	0
-5020	95903	0
-5010	95903	0
-5000	131180	0
-4990	205414	0
-4980	205414	0
-4970	205414	0
-4960	205414	0
-4950	205414	0
-4940	205414	0
-4930	205414	0
-4920	205414	0
-4910	205414	0
-4900	205414	0
-4890	205414	0
-4880	205414	0
-4870	205414	0
-4860	205414	0
-4850	205414	0
-4840	205414	0
-4830	205414	0
-4820	205414	0
-4810	205414	0
-4800	205414	0
-4790	205414	0
-4780	205414	0
-4770	205414	0
-4760	205414	0
-4750	205414	0
-4740	205414	0
-4730	205414	0
-4720	205414	0
-4710	205414	0
-4700	205414	0
-4690	205414	0
-4680	205414	0
-4670	205414	0
-4660	205414	0
-4650	205414	0
-4640	205414	0
-4630	205414	0
-4620	205414	0
-4610	205414	0
-4600	205414	0
-4590	205414	0
-4580	205414	0
-4570	205414	0
-4560	205414	0
-4550	205414	0
-4540	205414	0
-4530	205414	0
-4520	205414	0
-4510	205414	0
-4500	205414	0
-4490	205414	0
-4480	205414	0
-4470	205414	0
-4460	205414	0
-4450	205414	0
-4440	205414	0
-4430	205414	0
-4420	205414	0
-4410	205414	0
-4400	205414	0
-4390	205414	0
-4380	205414	0
-4370	205414	0
-4360	205414	0
-4350	205414	0
-4340	205414	0
-4330	205414	0
-4320	205414	0
-4310	205414	0
-4300	205414	0
-4290	205414	0
-4280	205414	0
-4270	205414	0
-4260	205414	0
-4250	205414	0
-4240	205414	0
-4230	205414	0
-4220	205414	0
-4210	205414	0
-4200	205414	0
-4190	205414	0
-4180	205414	0
-4170	205414	0
-4160	205414	0
-4150	205414	0
-4140	205414	0
-4130	205414	0
-4120	205414	0
-4110	205414	0
-4100	205414	0
-4090	205414	0
-4080	205414	0
-4070	205414	0
-4060	205414	0
-4050	205414	0
-4040	205414	0
-4030	205414	0
-4020	205414	0
-4010	205414	0
-4000	2694672	0
-3990	2840668	0
-3980	2840668	0
-3970	2840668	0
-3960	2840668	0
-3950	2840668	0
-3940	2840668	0
-3930	2840668	0
-3920	2840668	0
-3910	2840668	0
-3900	2840668	0
-3890	2989113	0
-3880	2989113	0
-3870	2989113	0
-3860	2989113	0
-3850	2989113	0
-3840	2989113	0
-3830	2989113	0
-3820	2989113	0
-3810	2989113	0
-3800	2989113	0
-3790	2989113	0
-3780	2989113	0
-3770	2989113	0
-3760	2989113	0
-3750	2989113	0
-3740	2989113	0
-3730	2989113	0
-3720	2989113	0
-3710	2989113	0
-3700	2989113	1567
-3690	2989113	1567
-3680	2989113	1567
-3670	2989113	1567
-3660	2989113	1567
-3650	2989113	1567
-3640	2989113	1567
-3630	2989113	1567
-3620	2989113	1567
-3610	2989113	1567
-3600	3261413	1567
-3590	3261009	1567
-3580	3261009	1567
-3570	3261009	1567
-3560	3261009	1567
-3550	3261009	1567
-3540	3261009	1567
-3530	3261009	1567
-3520	3261009	1567
-3510	3261009	1567
-3500	3294250	1567
-3490	3405398	1567
-3480	3405398	1567
-3470	3405398	1567
-3460	3405398	1567
-3450	3405398	1567
-3440	3405398	1567
-3430	3405398	1567
-3420	3405398	1567
-3410	3405398	1567
-3400	3407948	1567
-3390	3502256	1567
-3380	3502256	1567
-3370	3502256	1567
-3360	3502256	1567
-3350	3502256	1567
-3340	3502256	1567
-3330	3502256	1567
-3320	3502256	1567
-3310	3502256	1567
-3300	3502256	1567
-3290	3371991	1567
-3280	3371991	1567
-3270	3371991	1567
-3260	3371991	1567
-3250	3371991	1567
-3240	3371991	1567
-3230	3371991	1567
-3220	3371991	1567
-3210	3371991	1567
-3200	3399863	1567
-3190	4131198	1567
-3180	4131198	1567
-3170	4131198	1567
-3160	4131198	1567
-3150	4131198	1567
-3140	4131198	1567
-3130	4131198	1567
-3120	4131198	1567
-3110	4131198	1567
-3100	4556335	1567
-3090	4541571	1567
-3080	4541571	1567
-3070	4541571	1567
-3060	4541571	1567
-3050	4541571	1567
-3040	4541571	1567
-3030	4541571	1567
-3020	4541571	1567
-3010	4541571	1567
-3000	4541571	1567
-2990	4541571	1567
-2980	4541571	1567
-2970	4541571	1567
-2960	4541571	1567
-2950	4541571	1567
-2940	4541571	1567
-2930	4541571	1567
-2920	4541571	1567
-2910	4541571	1567
-2900	4541571	1567
-2890	4400982	1567
-2880	4400982	1567
-2870	4400982	1567
-2860	4400982	1567
-2850	4400982	1567
-2840	4400982	1567
-2830	4400982	1567
-2820	4400982	1567
-2810	4400982	1567
-2800	4400982	1567
-2790	4092954	1567
-2780	4092954	1567
-2770	4092954	1567
-2760	4092954	1567
-2750	4092954	1567
-2740	3811670	1567
-2730	3811670	1567
-2720	3811670	1567
-2710	3811670	1567
-2700	3811670	1567
-2690	3535281	1567
-2680	3535281	1567
-2670	3535281	1567
-2660	3535281	1567
-2650	3535281	1567
-2640	3535281	1567
-2630	3535281	1567
-2620	3535281	1567
-2610	3535281	1567
-2600	3535281	1567
-2590	3696963	1567
-2580	3696963	1567
-2570	3696963	1567
-2560	3696963	1567
-2550	3696963	1567
-2540	3696963	1567
-2530	3696963	1567
-2520	3696963	1567
-2510	3696963	1567
-2500	3696963	1567
-2490	3511593	1567
-2480	3511593	1567
-2470	3511593	1567
-2460	3511593	1567
-2450	3511593	1567
-2440	3511593	1567
-2430	3511593	1567
-2420	3511593	1567
-2410	3511593	1567
-2400	3511593	1567
-2390	3511593	1567
-2380	3511593	1567
-2370	3511593	1567
-2360	3511593	1567
-2350	3511593	1567
-2340	3511593	1567
-2330	3511593	1567
-2320	3511593	1567
-2310	3511593	1567
-2300	3511593	1567
-2290	3501295	1567
-2280	3501295	1567
-2270	3501295	1567
-2260	3501295	1567
-2250	3501295	1567
-2240	3501295	1567
-2230	3501295	1567
-2220	3501295	1567
-2210	3501295	1567
-2200	3501295	1567
-2190	3501295	1567
-2180	3498999	1567
-2170	3498999	1567
-2160	3498999	1567
-2150	3498999	1567
-2140	3498999	1567
-2130	3498999	1567
-2120	3498999	1567
-2110	3498999	1567
-2100	3498999	1567
-2090	3498999	1567
-2080	3498999	1567
-2070	3498999	1567
-2060	3498999	1567
-2050	3455104	1567
-2040	3455104	1567
-2030	3455104	1567
-2020	3455104	1567
-2010	3455104	1567
-2000	3455104	1567
-1990	1217146	1567
-1980	1217146	1567
-1970	1217146	1567
-1960	1217146	1567
-1950	1217146	1567
-1940	1217146	1567
-1930	1217146	1567
-1920	1217146	1567
-1910	1217146	1567
-1900	1217146	1567
-1890	277463	1567
-1880	277463	1567
-1870	286057	1567
-1860	286057	1567
-1850	286057	1567
-1840	286057	1567
-1830	286057	1567
-1820	286057	1567
-1810	286057	1567
-1800	286057	1567
-1790	317878	1567
-1780	317878	1567
-1770	317878	1567
-1760	277463	1567
-1750	277463	1567
-1740	277463	1567
-1730	277463	1567
-1720	277463	1567
-1710	277463	1567
-1700	277463	1567
-1690	387575	1567
-1680	387575	1567
-1670	387575	1567
-1660	387575	1567
-1650	387575	1567
-1640	565636	1567
-1630	565636	1567
-1620	565636	1567
-1610	565636	1567
-1600	1022068	1567
-1590	1077313	1567
-1580	1077313	1567
-1570	1077313	1567
-1560	1077313	1567
-1550	1077313	1567
-1540	1077313	1567
-1530	1077313	1567
-1520	1077313	1567
-1510	1077313	1567
-1500	1077313	1567
-1490	899253	1567
-1480	899253	1567
-1470	899253	1567
-1460	899253	1567
-1450	899253	1567
-1440	890967	1567
-1430	890967	1567
-1420	890967	1567
-1410	890967	1567
-1400	890967	1567
-1390	890967	1567
-1380	890967	1567
-1370	890967	1567
-1360	890967	1567
-1350	890967	1567
-1340	942849	1567
-1330	942849	1567
-1320	942849	1567
-1310	942849	1567
-1300	942849	1567
-1290	846099	1567
-1280	846099	1567
-1270	846099	1567
-1260	846099	1567
-1250	780855	1567
-1240	780855	1567
-1230	780855	1567
-1220	780855	1567
-1210	780855	1567
-1200	1031808	1567
-1190	990828	1567
-1180	990828	1567
-1170	990828	1567
-1160	990828	1567
-1150	990828	1567
-1140	990828	1567
-1130	990828	1567
-1120	990828	1567
-1110	976562	1567
-1100	976562	1567
-1090	1520872	1567
-1080	1520872	1567
-1070	1520872	1567
-1060	1520872	1567
-1050	1523257	1567
-1040	1033901	1567
-1030	1033901	1567
-1020	1033901	1567
-1010	1033901	1567
-1000	1023206	1567
-990	1023206	1567
-980	1023206	1567
-970	1023206	1567
-960	870857	1567
-950	870857	1567
-940	870857	1567
-930	870857	1567
-920	870857	1567
-910	870857	1567
-900	879470	1567
-890	879470	1567
-880	879470	1567
-870	879470	1567
-860	865204	1567
-850	1075387	1567
-840	1075387	1567
-830	1075387	1567
-820	1075387	1567
-810	1111440	1567
-800	1111440	1567
-790	1111440	1567
-780	1084861	1567
-770	774979	1567
-760	774979	1567
-750	775003	1567
-740	834695	1567
-730	564821	1567
-720	564821	1567
-710	564821	1567
-700	776004	1567
-690	783473	1567
-680	783473	1567
-670	783473	1567
-660	783473	1567
-650	783473	1567
-640	783473	1567
-630	797785	1567
-620	797785	1567
-610	797785	1567
-600	976477	1567
-590	976477	1567
-580	976477	1567
-570	976477	1567
-560	976477	1567
-550	976477	1567
-540	976477	1567
-530	976477	9524
-520	962211	9524
-510	813462	9524
-500	849938	47943
-490	849938	47943
-480	992747	47943
-470	992747	47943
-460	992747	47943
-450	992747	47943
-440	992747	47943
-430	992747	47943
-420	992747	47943
-410	992747	47943
-400	1210573	65094
-390	1210573	64948
-380	1210573	64948
-370	1201960	64948
-360	1201960	64948
-350	1203153	64948
-340	1203153	64948
-330	1213883	64948
-320	1213883	64948
-310	1213883	64948
-300	1276017	64948
-290	1323706	64948
-280	1419144	64948
-270	1464030	64948
-260	1496681	64948
-250	1496681	64948
-240	3538057	66131
-230	3578874	52315
-220	3578874	52315
-210	3881448	336708
-200	4248727	32759
-190	4034002	81443
-180	4034002	81443
-170	4034002	81443
-160	4034002	81443
-150	4193792	640783
-140	3589830	870919
-130	3589830	870919
-120	3670911	951450
-110	3857419	951450
-100	7860206	1054495
-90	7954960	1054495
-80	8346301	1054481
-70	8322102	1030296
-60	7862029	1279769
-50	8462183	1279769
-40	8462183	1279769
-30	8981797	1279769
-20	10085598	2564979
-10	10506744	2694747
0	10506744	2694747
10	6561676	2986093
20	6561676	2986093
30	6561676	2986093
40	6561676	2975632
50	7941392	3227963
60	7943332	3227963
70	7936769	3256314
80	8013672	3333217
90	8013672	3468819
100	8117813	3468819
110	8394019	3735491
120	8394198	3613506
130	8394198	3613506
140	8394198	3613506
150	8394198	3613506
160	8394198	3613506
170	8394198	3664107
180	8394198	3664107
190	8394198	3664107
200	9130805	3683601
210	9122605	3661323
220	9122605	3702058
230	7128436	3702058
240	7128436	3702058
250	7128436	3702058
260	7128436	3702058
270	7129100	3702058
280	7007114	3590630
290	7007114	3590630
300	7020758	2907882
310	7018075	2870306
320	7018075	2827336
330	7018075	2827336
340	7021759	2827336
350	7021759	2827336
360	7021759	2781114
370	7021759	2781114
380	7105985	2781114
390	7031249	2704211
400	7468388	2709420
410	7312261	2333401
420	7284431	2333401
430	7277833	2272555
440	6969230	2174334
450	6989083	2174334
460	7135374	2174334
470	7144030	2174334
480	6377919	1402954
490	6541999	1291615
500	7127023	1297951
510	6954202	1297951
520	6953783	1297951
530	6959330	1297951
540	7013926	1310177
550	7013926	1384753
560	6621161	1384753
570	6378071	1415360
580	6351883	1481630
590	6376267	1481630
600	6391377	1729073
610	3902035	1732243
620	3902035	1732243
630	8845375	1653422
640	12034385	1320363
650	11847819	700508
660	11918408	700508
670	15700430	703632
680	15633566	703632
690	15577762	678004
700	17053331	447869
710	17031709	486247
720	16875848	626526
730	16859352	626526
740	16853563	626526
750	17014325	626526
760	13620162	626526
770	13621780	623403
780	13644760	561976
790	13636693	561976
800	15229186	579129
810	15547880	668568
820	15569354	667783
830	15550626	657603
840	15557787	658750
850	14945875	658750
860	14828610	689588
870	14922488	580265
880	15345571	581722
890	15336646	614271
900	15410799	713977
910	15495087	752548
920	15490866	906109
930	15732697	902257
940	15710239	932851
950	15717757	942646
960	15785214	904771
970	15595001	1044700
980	15881554	1091341
990	15819096	1066143
1000	16278881	1066147
1010	15974730	1109314
1020	15985143	1097408
1030	16232545	1097995
1040	17072323	1057124
1050	17245282	1079278
1060	16805825	1060189
1070	16907731	1062381
1080	16990939	1062561
1090	17069122	1008487
1100	17618605	1050872
1110	17326522	843627
1120	17326522	854570
1130	20234280	834029
1140	21816070	813346
1150	21328807	830873
1160	21375818	791402
1170	21407621	723059
1180	20731327	767977
1190	20931318	703874
1200	20416342	722035
1210	20846033	705772
1220	20896297	754079
1230	19998363	757475
1240	38383068	813820
1250	38473728	828189
1260	35250846	870741
1270	35365567	808653
1280	12545786	838651
1290	12663907	854618
1300	13243650	850927
1310	13257385	875803
1320	13401777	898592
1330	13589282	869654
1340	13977859	887855
1350	14389141	938168
1360	10481984	974085
1370	10513330	971758
1380	10417238	975765
1390	8915037	970867
1400	8371287	1167369
1410	8069495	1167001
1420	8083982	1292920
1430	10234809	1300032
1440	12953128	3333153
1450	13261300	3330563
1460	13980680	3340610
1470	13931629	3943926
1480	15224552	3698252
1490	15596800	3717252
1500	19545067	3816001
1510	19614652	3845010
1520	22873840	4416489
1530	23430933	4997001
1540	28026587	5812079
1550	40730885	6032041
1560	41386853	6078184
1570	42356458	7779709
1580	43800491	7696342
1590	44640113	8142478
1600	43268290	8564628
1610	45102932	8623255
1620	45009707	8418539
1630	44917637	8240118
1640	46560659	8295990
1650	47979800	8909088
1660	47453559	8653664
1670	55187614	8661255
1680	55100565	8746894
1690	71399107	9284121
1700	81332618	9404947
1710	81435425	10926274
1720	82102516	10970886
1730	82356689	11120292
1740	85578216	11113844
1750	87656540	11160484
1760	88033369	10385944
1770	87862650	13675586
1780	91311150	13724758
1790	98951947	16522312
1800	97977767	16582670
1810	100816322	19898558
1820	104462595	20568266
1830	106787944	20518073
1840	107673053	21359031
1850	106498703	21884166
1860	107015387	24062087
1870	108567254	28639466
1880	110491593	35724720
1890	119244627	33613324
1900	125243840	40544583
1910	127363736	46442333
1920	130665699	43850379
1930	133397311	40072042
1940	138085353	43033805
1950	139276310	41885899
1960	142300627	44366621
1970	146606621	45154487
1980	147631919	45416150
1990	149617648	45514923
2000	152045609	43696390
2010	152069295	41914286
2020	147699921	42440208
2030	147710154	42530486
